c(1, 100) > c(100, 1)

a <- c(1, 5, 10, 22, 6)
b <- c(10, 100, 1000, 10000)

a+b # Recycling of vectors
